   400103499  -478796117  1868398008   505580362
  1318653345  2051861952  1967926968  -168756490
 -1750669436 -1783322269 -1709490683    -4483852
   -32362201   263028918  2092885578   161937590
   567261701   601331978  2076080772   157180341
 -1394251788   380759402  1287971336   986425996
   191811074  -432806300 -1003337613  -685950125
  -363973832  1687481979  -430159360 -1435677099
   763558481  2139892291  1735125099  -608566561
   348731924  2076376944  1990321469   257238485
  1002999294    28820276  -881863238  1068595200
  -542780713  -229306462 -1894084132 -1949722294
   592487276  1178126052 -2098342858 -1579678141
   837741899  1396956255  -707155068  1094706538
  1980244403  -974553520  2015103028  -445024799
  1606356850  2082266002   215760649  1612269513
 -1870445332   976822090  2118294344  2030827580
  1696562666 -1874510705  1067376059  1382187365
  1761334434   480761704    48656476  -561348568
   773576267  -795708048  1318455391 -1420866885
  1868344126  1627143875  1747544016  1586719757
   965245483  -245989782   675459150 -1488128421
 -1463298523 -1678927110   558524834 -1264282728
   794120579   652750495  1330945066     2524426
 -1708692215    13990840 -2033127454  1620753154
  1941452855 -1470881527 -1447595008  1982734056
  1545127112 -1756668902  1914757548  1493909744
 -1162308409  -397904836  1372123453  1051388422
    42016420  1440537252  1555658308  -909976870
  -860546650   955666759  -257246468    93776507
   450434642 -1034521588 -1995422993 -1801067724
   598179544   550678626 -1452108637 -1866169755
  1297125014   337635620   220944062 -1926518770
   945888023  -182677429 -1622771232 -1289016007
  -212232316  1290194812  -707947178  1018980209
   791168656   723276370 -1877926125  -671187556
  -207716204  2048196182  -290883260   703703552
  1656754435  -342815626
